chr	start	stop
DVL1	1	1335276	1349418
PRKCZ	1	2050411	2185395
TNFRSF14	1	2555639	2565382
WRAP73	1	3630767	3652761
LRRC47	1	3778559	3796498
AJAP1	1	4654609	4792534
ZBTB48	1	6579994	6589280
THAP3	1	6624868	6635586
VAMP3	1	7771296	7781432
PER3	1	7784291	7845177
PARK7	1	7954291	7985505
ERRFI1	1	8004404	8026309
CLSTN1	1	9728926	9823984
LZIC	1	9922113	9943407
UBE4B	1	10032832	10181239
PGD	1	10398592	10420511
CASZ1	1	10636604	10796650
TARDBP	1	11012344	11030528
EXOSC10	1	11066618	11099869
MTOR	1	11106535	11262556
NPPA	1	11845709	11848345
KIAA2013	1	11919591	11926428
MFN2	1	11980181	12015211
MIIP	1	12019466	12032045
PDPN	1	13583465	13617957
CASP9	1	15490832	15526534
DDI2	1	15617458	15669044
PLEKHM2	1	15681461	15734769
FBXO42	1	16246840	16352480
SDHB	1	17018664	17054151
EMC1	1	19215660	19251552
NBL1	1	19596979	19658456
PINK1	1	20633458	20651511
ECE1	1	21217247	21345572
HSPG2	1	21822244	21937310
CDC42	1	22052627	22101360
ZBTB40	1	22428838	22531157
KDM1A	1	23019443	23083689
TCEA3	1	23380909	23424748
PITHD1	1	23778418	23788232
GALE	1	23795599	23800781
FUCA1	1	23845077	23868290
CLIC4	1	24745382	24844321
MTFR1L	1	25818640	25832942
STMN1	1	25884181	25906991
ZNF683	1	26361634	26374522
DHDDS	1	26432282	26471306
ARID1A	1	26693236	26782104
GPN2	1	26876132	26890283
SLC9A1	1	27098809	27166981
RPA2	1	27891524	27914746
RCC1	1	28505943	28539300
GMEB1	1	28668778	28719353
PTPRU	1	29236516	29326813
SDC3	1	30869466	30908758
ZCCHC17	1	31296982	31364953
TINAGL1	1	31576485	31587686
PEF1	1	31629866	31644896
KHDRBS1	1	32013868	32060850
KPNA6	1	32108056	32176563
HDAC1	1	32292083	32333635
BSDC1	1	32364633	32394731
RBBP4	1	32651142	32686211
ZMYM1	1	35032172	35118818
SFPQ	1	35176378	35193446
AGO1	1	35869808	35930532
MAP7D1	1	36155579	36180849
STK40	1	36339624	36385924
OSCP1	1	36415827	36450451
ZC3H12A	1	37474580	37484377
GNL2	1	37566816	37595937
MYCBP	1	38862493	38873368
PABPC4	1	39560709	39576790
MYCL	1	39895428	39902256
RLF	1	40161387	40240921
ZMPSTE24	1	40258041	40294180
SMAP2	1	40344850	40423326
ERMAP	1	42817122	42844991
SLC2A1	1	42925353	42958893
PTPRF	1	43525187	43623666
KDM4A	1	43650149	43705518
MUTYH	1	45329163	45340893
MMACHC	1	45500300	45513382
GPBP1L1	1	45627304	45688113
IPP	1	45694324	45750653
POMGNT1	1	46188683	46220305
LURAP1	1	46203334	46221256
FAAH	1	46394317	46413848
MKNK1	1	46557407	46616843
ATPAF1	1	46632737	46673867
FAF1	1	50437028	50960267
ZYG11B	1	52726453	52827336
YIPF1	1	53851719	53889798
HSPB11	1	53916574	53945699
SSBP3	1	54225432	54413479
TTC4	1	54715861	54742657
DHCR24	1	54849627	54887195
ALG6	1	63367575	63438553
PGM1	1	63593411	63660245
JAK1	1	64833223	65067754
GADD45A	1	67685201	67688334
DIRAS3	1	68045886	68051717
CTH	1	70411218	70439851
CRYZ	1	74705482	74733408
DNAJB4	1	77979175	78017964
PRKACB	1	84078062	84238498
RPF1	1	84479259	84498352
SSX2IP	1	84643706	84690803
BCL10	1	85265776	85276632
ODF2L	1	86346824	86396342
GBP1	1	89051882	89065360
ZNF326	1	89995110	90035533
TGFBR3	1	91680343	91906335
EVI5	1	92508696	92792404
BCAR3	1	93561741	93847150
GCLM	1	93885199	93909456
ABCD3	1	94418389	94518666
DPYD	1	97077743	97995000
CDC14A	1	100325629	100520277
SLC30A7	1	100896076	100996260
CELSR2	1	109249539	109275751
SORT1	1	109309568	109397918
GSTM1	1	109687814	109709039
GSTM3	1	109733932	109741038
STRIP1	1	110031577	110074641
RBM15	1	110338506	110346681
SLC16A4	1	110362851	110391082
LRIF1	1	110947190	110963965
WDR77	1	111439890	111449256
RAP1A	1	111542218	111716691
DDX20	1	111754832	111775602
CTTNBP2NL	1	112396214	112463456
MOV10	1	112673141	112700756
RHOC	1	112701127	112707434
SLC16A1	1	112911847	112957593
RSBN1	1	113761832	113812476
NRAS	1	114704469	114716771
ATP1A1	1	116372668	116410261
CD58	1	116514534	116571039
IGSF3	1	116574399	116667755
PTGFRN	1	116909916	116990353
TENT5C	1	117606048	117628389
PHGDH	1	119648411	119744218
NOTCH2	1	119911553	120100779
NOTCH2NLA	1	146146203	146229041
PDE4DIP	1	148808140	149048286
SF3B4	1	149923317	149927803
ANP32E	1	150218417	150236156
CA14	1	150257251	150265078
PRPF3	1	150321479	150353233
ARNT	1	150809713	150876708
SETDB1	1	150926263	150964744
MINDY1	1	150996549	151008376
PSMD4	1	151254709	151267479
ZNF687	1	151281618	151292176
RFX5	1	151340640	151347326
SELENBP1	1	151364304	151372707
POGZ	1	151402724	151459494
SNX27	1	151612006	151699091
RORC	1	151806071	151831845
UBAP2L	1	154220179	154271510
HAX1	1	154272355	154275875
IL6R	1	154405193	154469450
ADAR	1	154581695	154628013
PBXIP1	1	154944076	154956123
SHC1	1	154962298	154974395
KRTCAP2	1	155169408	155173475
GBA	1	155234452	155244699
CLK2	1	155262868	155278491
FDPS	1	155308748	155320666
YY1AP1	1	155659446	155689334
DAP3	1	155687960	155739010
ARHGEF2	1	155946851	156007070
CCT3	1	156308968	156367873
ETV3	1	157121191	157138474
IFI16	1	158999968	159055155
DUSP23	1	159780932	159782543
IGSF8	1	160091340	160098943
PEA15	1	160205380	160215376
NCSTN	1	160343294	160358952
F11R	1	160995211	161021175
USF1	1	161039251	161045977
UFC1	1	161152776	161158856
ATF6	1	161766298	161977574
RGS5	1	163111121	163321791
PBX1	1	164555584	164899296
POU2F1	1	167220876	167427345
CREG1	1	167529117	167553805
MPZL1	1	167721192	167791919
F5	1	169511951	169586588
METTL18	1	169792529	169794963
EEF1AKNMT	1	171781660	171814023
RC3H1	1	173931084	174022357
CACYBP	1	174999163	175012027
TOR3A	1	179082070	179098023
ABL2	1	179099330	179229684
SOAT1	1	179293714	179358680
XPR1	1	180632022	180890279
DHX9	1	182839347	182887982
LAMC1	1	183023420	183145592
NIBAN1	1	184790724	184974508
RNF2	1	185045497	185102603
TRMT1L	1	185118101	185157072
SWT1	1	185157080	185291781
IVNS1ABP	1	185292931	185317273
ODR4	1	186375838	186421378
PTGS2	1	186671791	186680922
PLA2G4A	1	186828949	186988981
RO60	1	193059454	193091777
CDC73	1	193121983	193254815
CFH	1	196651754	196752476
ZNF281	1	200404940	200410056
CAMSAP2	1	200738893	200860707
LAD1	1	201380833	201399915
CSRP1	1	201483530	201509456
IPO9	1	201829149	201884291
KDM5B	1	202724495	202808487
ADIPOR1	1	202940826	202958572
FMOD	1	203340628	203351758
PPP1R15B	1	204396492	204411887
MDM4	1	204516379	204558120
RBBP5	1	205086142	205122015
CDK18	1	205504596	205532793
ELK4	1	205597556	205632011
RASSF5	1	206507531	206589448
MAPKAPK2	1	206684905	206734281
IL20	1	206865623	206869223
CD55	1	207321519	207386804
CD46	1	207752037	207795513
LAMB3	1	209614870	209652425
RCOR3	1	211258377	211316385
TRAF5	1	211326615	211374946
PACC1	1	212363928	212414901
ATF3	1	212565334	212620777
RRP15	1	218285293	218337983
TGFB2	1	218345336	218444619
EPRS	1	219968600	220046530
IARS2	1	220094132	220148041
TP53BP2	1	223779893	223845954
NVL	1	224227334	224330189
CNIH4	1	224356858	224379459
WDR26	1	224385146	224437033
DNAH14	1	224896262	225399292
EPHX1	1	225810124	225845563
PARP1	1	226360210	226408154
PSEN2	1	226870184	226927726
COQ8A	1	226940286	226987544
SNAP47	1	227728200	227781826
JMJD4	1	227730425	227735411
ARF1	1	228082708	228099212
RNF187	1	228487382	228499899
GNPAT	1	231241207	231277973
EGLN1	1	231363751	231422287
NTPCR	1	232950605	232983882
KCNK1	1	233614106	233672514
RBM34	1	235131183	235161283
LGALS8	1	236518000	236552981
MTR	1	236795260	236921278
CHRM3	1	239386565	239915452
GREM2	1	240489573	240612155
FH	1	241497511	241519799
CEP170	1	243124428	243255793
AKT3	1	243488233	243851079
SMYD3	1	245749342	246507312
CNST	1	246566444	246668595
SH3BP5L	1	248810446	248825915
EIPR1	2	3188925	3377830
ADAM17	2	9488486	9556732
YWHAQ	2	9583967	9630997
HPCAL1	2	10302889	10427617
ROCK2	2	11179759	11348330
LPIN1	2	11677595	11827409
TRIB2	2	12716910	12742734
DDX1	2	15591178	15634346
NCOA1	2	24491254	24770702
DNMT3A	2	25227855	25342590
HADHA	2	26190635	26244672
HADHB	2	26243170	26290465
KCNK3	2	26692722	26733420
CAD	2	27217369	27243943
SNX17	2	27370496	27377535
ZNF512	2	27582969	27623217
GPN1	2	27628247	27651511
SLC4A1AP	2	27663426	27695366
LBH	2	30231534	30323730
LTBP1	2	32946953	33399509
FAM98A	2	33532744	33599347
HEATR5B	2	36968383	37084372
GPATCH11	2	37084518	37099244
EIF2AK2	2	37099210	37157522
PRKD3	2	37250502	37324833
ATL2	2	38293954	38377285
HNRNPLL	2	38561969	38603586
DHX57	2	38797729	38875934
SOS1	2	38962206	39124345
MAP4K3	2	39249266	39437301
LRPPRC	2	43886224	43996226
PREPL	2	44316281	44361862
EPAS1	2	46293667	46386697
PIGF	2	46580937	46617055
CRIPT	2	46616416	46685037
EPCAM	2	47345158	47387601
MSH2	2	47403067	47663146
MSH6	2	47695530	47810063
ACYP2	2	53970838	54305300
SPTBN1	2	54456327	54671446
RTN4	2	54972187	55112621
PNPT1	2	55634061	55693863
BCL11A	2	60450520	60554467
REL	2	60881491	60931612
XPO1	2	61476032	61538741
EHBP1	2	62673851	63046487
LGALSL	2	64453969	64461381
APLF	2	68467572	68655862
GFPT1	2	69319780	69387250
CCT7	2	73233420	73253021
DCTN1	2	74361154	74392087
HTRA2	2	74529596	74533350
ATOH8	2	85751344	85791383
PTCD3	2	86106223	86142157
IMMT	2	86143932	86195472
KDM3A	2	86440647	86492716
RMND5A	2	86720291	86778041
RGPD1	2	86913783	87013976
CYTOR	2	87454781	87636740
EIF2AK3	2	88556741	88691518
PROM2	2	95274449	95291308
SNRNP200	2	96274338	96321271
CNNM3	2	96816245	96835382
SEMA4C	2	96859718	96870757
MITD1	2	99161427	99181058
TXNDC9	2	99318982	99340702
MAP4K4	2	101696850	101894690
IL1R1	2	102064544	102179874
IL1RL2	2	102187006	102240002
IL1RL1	2	102311502	102352037
IL18R1	2	102311529	102398777
POU3F3	2	104853287	104858574
RANBP2	2	108719482	108785810
MALL	2	110083870	110116022
RGPD6	2	110513802	110610840
BCL2L11	2	111119378	111168444
ANAPC1	2	111611639	111884690
MERTK	2	111898607	112029561
RGPD8	2	112368369	112434488
PAX8	2	113215997	113278921
CBWD2	2	113437691	113496204
INHBB	2	120346136	120351803
NIFK	2	121726945	121736911
ERCC3	2	127257290	127294166
RAB6C	2	129979666	129982738
POTEF	2	130073535	130129222
POTEI	2	130459455	130509707
PLEKHB2	2	131104847	131353709
R3HDM1	2	135531455	135725270
MCM6	2	135839626	135876443
HNMT	2	137964020	138016364
ACVR2A	2	147844517	147930826
MMADHC	2	149569637	149587778
BAZ2B	2	159315312	159616569
CD302	2	159768628	159798255
ITGB6	2	160099667	160271888
RBMS1	2	160272151	160493807
DPP4	2	161992245	162074394
IFIH1	2	162267074	162318684
COBLL1	2	164653624	164843679
STK39	2	167954020	168247595
NOSTRIN	2	168786539	168865514
SSB	2	169791933	169812064
UBR3	2	169827454	170084131
TLK1	2	170990823	171231314
ITGA6	2	172234216	172506459
PDK1	2	172555373	172608669
MAP3K20	2	173075435	173268015
SP3	2	173880850	173965373
ATF2	2	175072250	175168382
HOXD9	2	176122719	176124937
NFE2L2	2	177218667	177392756
PRKRA	2	178431292	178451512
ITPRID2	2	181891730	181930738
DNAJC10	2	182716255	182794464
ITGAV	2	186590010	186680901
SLC40A1	2	189560590	189583758
PMS1	2	189784085	189877629
GLS	2	190880821	190965552
STAT1	2	190908460	191020960
MYO1B	2	191245185	191425389
TMEFF2	2	191949043	192194933
ANKRD44	2	196967017	197311173
SF3B1	2	197388515	197435079
HSPD1	2	197486584	197516737
MOB4	2	197515571	197553699
SPATS2L	2	200305881	200482264
AOX1	2	200586014	200677064
FAM126B	2	200973718	201071671
CFLAR	2	201116154	201176687
CASP8	2	201233443	201361836
TMEM237	2	201620184	201643570
SUMO1	2	202206182	202238599
BMPR2	2	202376327	202567751
FAM117B	2	202634969	202769757
WDR12	2	202874261	203014798
CARF	2	202912214	202988263
CYP20A1	2	203238977	203306026
INO80D	2	205993721	206086303
CREB1	2	207529737	207605988
IDH1	2	208236229	208266074
PIKFYVE	2	208266255	208358746
LANCL1	2	210427131	210477652
IKZF2	2	212999691	213152427
ATIC	2	215311956	215349773
XRCC5	2	216107464	216206303
SMARCAL1	2	216412383	216483053
IGFBP2	2	216632828	216664436
AAMP	2	218264129	218270178
ZNF142	2	218633329	218659655
CYP27A1	2	218781749	218815293
ABCB6	2	219209772	219218994
ANKZF1	2	219229783	219236679
STK16	2	219245455	219250337
TUBA4A	2	219249710	219277902
DNAJB2	2	219279342	219286898
DNPEP	2	219372029	219400022
SCG2	2	223596940	223602361
AP1S3	2	223667680	223838027
CUL3	2	224470150	224585397
IRS1	2	226731312	226799820
RHBDD1	2	226835581	226999215
COL4A4	2	227002714	227164453
MFF	2	227325151	227357833
SP110	2	230165186	230225729
PSMD1	2	231056845	231173116
DIS3L2	2	231961245	232344350
ATG16L1	2	233210051	233295674
TRPM8	2	233917373	234019522
AGAP1	2	235494043	236131793
ACKR3	2	236567787	236582354
MLPH	2	237485428	237555322
PER2	2	238244044	238290102
HDAC4	2	239048168	239401654
DUSP28	2	240560054	240565256
KIF1A	2	240713761	240824293
PPP1R7	2	241149576	241183652
IL5RA	3	3066324	3126613
ITPR1	3	4493345	4847506
ARL8B	3	5122249	5180911
THUMPD3	3	9362971	9386791
CAMK1	3	9757347	9769992
VHL	3	10141778	10153676
SEC13	3	10293131	10321112
MKRN2	3	12557057	12586208
RAF1	3	12582101	12664201
IQSEC1	3	12897043	13283281
TMEM43	3	14125015	14143680
XPC	3	14145145	14178621
NR2C2	3	14947583	15053600
SH3BP5	3	15254353	15341368
SATB1	3	18345377	18445621
RAB5A	3	19947097	19985175
KAT2B	3	20040446	20154404
THRB	3	24117153	24495756
TOP2B	3	25597978	25664909
OXSM	3	25782917	25794534
RBMS3	3	28574791	30010391
TGFBR2	3	30606478	30694249
CMTM8	3	32238679	32370321
GLB1	3	32996609	33097202
PDCD6IP	3	33798571	33869707
EPM2AIP1	3	36985043	36993131
MLH1	3	36993226	37050896
CTDSPL	3	37861880	37984469
MYD88	3	38138552	38143024
OXSR1	3	38165089	38255484
EIF1B	3	40309707	40312424
CTNNB1	3	41194741	41260096
VIPR1	3	42489299	42537573
CDCP1	3	45082277	45146422
SMARCC1	3	47585269	47782106
DHX30	3	47802909	47850195
MAP4	3	47850690	48089272
TREX1	3	48465811	48467645
COL7A1	3	48564073	48595329
P4HTM	3	48989889	49007153
IMPDH2	3	49024325	49029447
RHOA	3	49359139	49412998
DAG1	3	49468713	49535618
MST1	3	49683947	49689501
SEMA3F	3	50155045	50189075
GNAI2	3	50226292	50259362
TUSC2	3	50320027	50328251
RASSF1	3	50329782	50340980
DCAF1	3	51395867	51500015
RAD54L2	3	51538719	51668667
PARP3	3	51942345	51948867
BAP1	3	52401008	52410008
NT5DC2	3	52524385	52535054
NEK4	3	52708444	52770946
PRKCD	3	53156009	53192717
TKT	3	53224712	53256052
CACNA1D	3	53328963	53813733
WNT5A	3	55465715	55490539
TASOR	3	56620132	56683265
SLMAP	3	57755450	57930003
FLNB	3	58008398	58172251
ABHD6	3	58237532	58295693
PDHB	3	58427630	58433857
FAM107A	3	58564117	58627610
PTPRG	3	61561569	62297609
MAGI1	3	65353525	66038918
FOXP1	3	70954693	71583978
GBE1	3	81489703	81761645
PROS1	3	93873051	93980003
CRYBG3	3	97822011	97944984
CMSS1	3	99817837	100181732
ALCAM	3	105366909	105576900
CBLB	3	105655461	105869552
CD47	3	108043091	108091862
IFT57	3	108160812	108222435
NECTIN3	3	111070071	111275563
PHLDB2	3	111732497	111976517
CD200	3	112332235	112363181
NEPRO	3	113002444	113019861
SPICE1	3	113442718	113515187
TMEM39A	3	119428949	119468830
GSK3B	3	119821321	120094994
FSTL1	3	120392293	120451016
RABL3	3	120684938	120742993
KPNA1	3	122421902	122514945
MYLK	3	123610049	123884332
CCDC14	3	123897305	123961408
UMPS	3	124730433	124749273
ITGB5	3	124761948	124901418
SNX4	3	125446650	125520202
RUVBL1	3	128064778	128153914
GATA2	3	128479427	128493201
RPN1	3	128619969	128681075
RAB7A	3	128693669	128825942
NEK11	3	131026850	131350465
ACPP	3	132317369	132368302
CDV3	3	133573686	133590261
TOPBP1	3	133598175	133662380
PPP2R3A	3	135965728	136147894
PCCB	3	136250340	136337896
NCK1	3	136862208	136951606
SOX14	3	137764315	137766334
DBR1	3	138160988	138174949
FAIM	3	138608606	138633376
PIK3CB	3	138652336	138834928
ATR	3	142449007	142578733
PLSCR1	3	146515180	146544856
WWTR1	3	149517235	149736714
SELENOT	3	150602875	150630436
MBNL1	3	152243828	152465780
GPR149	3	154334943	154430190
MME	3	155024124	155183704
GMPS	3	155870650	155944020
TIPARP	3	156673235	156706770
RSRC1	3	158105855	158545730
MLF1	3	158571163	158607252
SMC4	3	160399274	160434954
PDCD10	3	167683298	167734939
MECOM	3	169083499	169663775
MYNN	3	169773396	169789716
PRKCI	3	170222424	170305977
FNDC3B	3	172039578	172401669
TNFSF10	3	172505508	172523475
PIK3CA	3	179148114	179240093
ZNF639	3	179323031	179338583
ACTL6A	3	179562886	179588407
SOX2-OT	3	180989510	181836880
MCCC1	3	183015218	183116075
KLHL24	3	183635610	183684519
DVL3	3	184155377	184173614
AP2M1	3	184174689	184184214
ABCF3	3	184186095	184194012
PSMD2	3	184299198	184309050
EIF4G1	3	184314495	184335358
POLR2H	3	184361710	184368596
IGF2BP2	3	185643130	185825042
RFC4	3	186789880	186807058
ST6GAL1	3	186930325	187078553
BCL6	3	187721377	187745725
TP63	3	189631389	189897276
CLDN1	3	190305707	190322446
CCDC50	3	191329085	191398659
HES1	3	194136148	194138732
LSG1	3	194640791	194672463
ACAP2	3	195274745	195443044
TNK2	3	195863364	195911945
TFRC	3	196012511	196082153
FBXO45	3	196568611	196589059
NRROS	3	196639694	196662004
PAK2	3	196739857	196832647
DLG1	3	197042560	197299330
RUBCN	3	197668867	197749727
IDUA	4	986997	1004564
SPON2	4	1166932	1208962
CTBP1	4	1211445	1250333
MAEA	4	1289887	1340147
FGFR3	4	1793293	1808872
NSD2	4	1871393	1982207
FAM193A	4	2536647	2732573
ADD1	4	2843844	2930076
HTT	4	3041363	3243957
ADRA2C	4	3766348	3768526
WFS1	4	6269849	6303265
MRFAP1L1	4	6707701	6709865
CPZ	4	8592660	8619759
SLC2A9	4	9771153	10054936
RAB28	4	13361354	13484365
CPEB2	4	15002481	15070153
CD38	4	15778275	15853232
SLIT2	4	20251905	20620561
ADGRA3	4	22345071	22516066
PPARGC1A	4	23755041	23904089
SOD3	4	24789912	24800842
RBPJ	4	26163455	26435131
STIM2	4	26857601	27025381
UGDH	4	39498755	39528311
N4BP2	4	40056797	40158252
TMEM33	4	41935129	41960803
ATP10D	4	47485275	47593486
TEC	4	48135783	48269838
SPATA18	4	52051304	52097299
FIP1L1	4	53377569	53464382
KIT	4	54657267	54740783
CLOCK	4	55427903	55546909
HOPX	4	56647989	56681877
REST	4	56907876	56966808
NOA1	4	56963350	56977606
POLR2B	4	56977722	57031158
UGT2B7	4	69051363	69112987
NPFFR2	4	72031902	72148305
ANKRD17	4	73073376	73258798
PARM1	4	74933095	75050115
NAAA	4	75910655	75941013
SDAD1	4	75940950	75990962
ANXA3	4	78551747	78610451
BMP2K	4	78776342	78916365
HNRNPD	4	82352498	82374503
WDFY3	4	84668765	84966690
MAPK10	4	85990007	86594625
PTPN13	4	86594315	86815171
AFF1	4	86935002	87141039
KLHL8	4	87160103	87240314
PKD2	4	88007635	88077777
ABCG2	4	88090150	88231628
HERC6	4	88378739	88443097
NAP1L5	4	88695913	88697829
SMARCAD1	4	94207611	94291292
BMPR1B	4	94757955	95158448
EIF4E	4	98879276	98929133
PPP3CA	4	101023409	101348278
SLC39A8	4	102251080	102431258
NFKB1	4	102501330	102617302
UBE2D3	4	102794383	102868896
CISD2	4	102868974	102892807
TET2	4	105145875	105279816
NPNT	4	105894775	106004027
TBCK	4	106041599	106316683
PAPSS1	4	107590276	107720234
LEF1	4	108047545	108168956
CASP6	4	109688622	109703583
CAMK2D	4	113418054	113761927
SYNPO2	4	118850688	119061247
USP53	4	119212587	119295518
MAD2L1	4	120055623	120066858
ANXA5	4	121667946	121696995
SPATA5	4	122923070	123319433
NAA15	4	139301446	139420033
CLGN	4	140388453	140427661
ELMOD2	4	140524168	140553770
USP38	4	143184917	143225212
GAB1	4	143336876	143474565
SMARCA5	4	143513702	143557486
SMAD1	4	145481194	145559176
ZNF827	4	145757627	145938823
PRMT9	4	147637785	147684163
LRBA	4	150264435	151015727
FBXW7	4	152320544	152536092
ARFIP1	4	152779937	152918463
TLR2	4	153684050	153706260
PDGFC	4	156760454	156971799
PPID	4	158709127	158723396
TMA16	4	163494442	163520539
TMEM192	4	165070608	165208549
PALLD	4	168497052	168928457
NEK1	4	169369704	169612632
CLCN3	4	169612633	169723673
HMGB2	4	173331376	173334432
CEP44	4	174283730	174333380
CDKN2AIP	4	183444635	183449064
RWDD4	4	183639635	183659203
CASP3	4	184627696	184650062
SLC25A4	4	185143266	185150382
TLR3	4	186068911	186088073
FAT1	4	186587794	186726722
DUX4	4	190173774	190185942
SDHA	5	218303	257082
PDCD6	5	271621	314974
CLPTM1L	5	1317752	1345099
LPCAT1	5	1456480	1524282
IRX1	5	3595832	3601403
NSUN2	5	6599239	6633291
SRD5A1	5	6633290	6676539
ATPSCKMT	5	10225507	10249897
CCT5	5	10249929	10266389
DAP	5	10679230	10761234
RETREG1	5	16473038	16617101
GOLPH3	5	32124716	32174319
NPR3	5	32689070	32791724
AMACR	5	33986165	34008104
RAI14	5	34656328	34832612
BRIX1	5	34915677	34925996
PRLR	5	35048756	35230487
SKP2	5	36151989	36196849
LIFR	5	38474668	38608354
PRKAA1	5	40759389	40798374
GHR	5	42423439	42721878
PELO	5	52787916	52804044
ITGA2	5	52989340	53094779
CCNO	5	55231152	55233608
DHX29	5	55256055	55307694
MTREX	5	55307989	55425579
IL6ST	5	55935095	55995022
MAP3K1	5	56815549	56896152
GPBP1	5	57173948	57264679
PART1	5	60487713	60548813
ZSWIM6	5	61332258	61546172
KIF2A	5	62306162	62391025
IPO11	5	62403972	62628582
RNF180	5	64165843	64372869
TRIM23	5	65589690	65625975
PIK3R1	5	68215740	68301821
CDK7	5	69234795	69277430
OCLN	5	69492292	69558104
SMN2	5	70049638	70078522
SMN1	5	70925030	70953942
NAIP	5	70968166	71025339
MAP1B	5	72107234	72209565
HEXB	5	74640023	74722647
GCNT4	5	75025346	75052558
HMGCR	5	75336329	75364001
IQGAP2	5	76403285	76708132
F2R	5	76716126	76735770
F2RL1	5	76818933	76835315
DHFR	5	80626226	80654983
MSH3	5	80654652	80876815
ATG10	5	81972023	82276857
RASA1	5	87267883	87391931
ARRDC3	5	91368631	91383317
ERAP1	5	96760810	96808100
PAM	5	102753981	103029730
FER	5	108747841	109196841
NREP	5	111662621	111997464
YTHDC2	5	113513694	113595285
PGGT1B	5	115204012	115262877
DMXL1	5	119037772	119249138
TNFAIP8	5	119268692	119399688
SRFBP1	5	121961975	122075570
PPIC	5	123023250	123036725
GRAMD2B	5	126360132	126496494
ALDH7A1	5	126531200	126595362
LMNB1	5	126776623	126837020
SLC12A2	5	128083766	128189677
RAPGEF6	5	131423921	131635231
SLC22A5	5	132369710	132395613
IRF1	5	132440440	132508719
RAD50	5	132556019	132646349
SHROOM1	5	132822141	132830659
ZCCHC10	5	132996985	133026604
HSPA4	5	133052013	133106449
VDAC1	5	133971871	134004975
SKP1	5	134148935	134176964
PPP2CA	5	134193978	134226073
PCBD2	5	134905120	135007959
SPOCK1	5	136975298	137598379
FAM53C	5	138331935	138349729
HSPA9	5	138553756	138575675
CTNNA1	5	138610967	138935034
PAIP2	5	139341587	139369720
TMEM173	5	139475533	139482935
UBE2D2	5	139526431	139628434
ANKHD1	5	140401814	140539856
SRA1	5	140537340	140557677
EIF4EBP3	5	140547662	140549576
WDR55	5	140664868	140674124
HDAC3	5	141620876	141636849
NR3C1	5	143277931	143435512
YIPF5	5	144158162	144170714
RBM27	5	146203605	146289223
CSNK1A1	5	149492982	149551471
SLC26A2	5	149960758	149993455
TCOF1	5	150357629	150400308
TNIP1	5	151029942	151093577
CYFIP2	5	157266079	157395595
NUDCD2	5	163446526	163460404
WWC1	5	168291645	168472303
FBXW11	5	171861549	172006873
SFXN1	5	175477062	175529742
KIAA1191	5	176346062	176361807
FAF2	5	176447628	176510074
ZNF346	5	177022696	177081189
DBN1	5	177456608	177474401
COL23A1	5	178237476	178590393
CLK4	5	178602664	178630615
HNRNPH1	5	179614178	179634784
CANX	5	179678628	179731641
SQSTM1	5	179806398	179838078
MAPK9	5	180233143	180292099
FOXC1	6	1609915	1613897
GMDS	6	1623806	2245605
NQO2	6	2987987	3019755
RIPK1	6	3063824	3115187
RREB1	6	7107597	7251980
BMP6	6	7726099	7881728
TFAP2A	6	10393186	10419659
PAK1IP1	6	10694972	10709782
TMEM14C	6	10722915	10731129
NEDD9	6	11183298	11382348
ADTRP	6	11712054	11807046
RANBP9	6	13621498	13711835
CD83	6	14117256	14140682
DTNBP1	6	15522807	15663058
MYLIP	6	16129086	16151367
ATXN1	6	16299112	16761491
NUP153	6	17615035	17706925
TPMT	6	18128311	18155077
DEK	6	18223860	18264548
ID4	6	19837370	19842197
E2F3	6	20401879	20493714
CDKAL1	6	20534457	21232404
HFE	6	26087226	26098343
PRSS16	6	27247701	27256624
ZNF165	6	28080568	28089563
ZSCAN16	6	28107689	28130082
ZSCAN26	6	28267058	28278224
ZBED9	6	28570535	28616212
TRIM27	6	28903002	28923988
GABBR1	6	29555629	29633976
MDC1	6	30699807	30717447
TUBB	6	30717435	30725538
DDR1	6	30876421	30900156
POU5F1	6	31164337	31180731
DDX39B	6	31530219	31542448
PRRC2A	6	31620715	31637771
BAG6	6	31639028	31652705
CSNK2B	6	31665227	31670343
EHMT2	6	31879759	31897698
CFB	6	31945650	31952086
C4A	6	31982057	32002681
C4B	6	32014795	32035418
NOTCH4	6	32194843	32224067
TAP2	6	32821833	32838739
TAP1	6	32845209	32853816
DAXX	6	33318558	33323016
CUTA	6	33416442	33418317
BAK1	6	33572547	33580293
ITPR3	6	33620365	33696574
HMGA1	6	34236873	34246231
ANKS1A	6	34889255	35091406
ZNF76	6	35258909	35295985
PPARD	6	35342558	35428191
SRPK1	6	35832966	35921342
MAPK14	6	36027752	36122511
KCTD20	6	36442767	36491143
CDKN1A	6	36676460	36687397
PIM1	6	37170152	37175428
TBC1D22B	6	37257772	37332970
BTBD9	6	38168451	38640148
FOXP4	6	41546381	41602384
TFEB	6	41683978	41736259
CCND3	6	41934934	42050357
BICRAL	6	42782052	42868558
PTK7	6	43076307	43161719
SRF	6	43171269	43181506
XPO5	6	43522334	43576038
POLH	6	43576185	43620523
VEGFA	6	43770184	43786487
SLC29A1	6	44219553	44234142
RUNX2	6	45328157	45664349
PLA2G7	6	46704201	46735693
TNFRSF21	6	47231532	47309905
CD2AP	6	47477789	47627263
MCM3	6	52264014	52284881
EFHC1	6	52362123	52529886
DST	6	56457987	56954830
ZNF451	6	57086844	57170305
BAG2	6	57172326	57189833
PTP4A1	6	63521746	63583588
SLC17A5	6	73593379	73653992
SENP6	6	75601509	75718281
MYO6	6	75749201	75919537
HMGN3	6	79201245	79234689
SH3BGRL2	6	79537185	79703655
TPBG	6	82363206	82367420
ME1	6	83210402	83431051
MRAP2	6	84033772	84090881
SYNCRIP	6	85607779	85644063
PM20D2	6	89146055	89165565
ANKRD6	6	89433152	89633834
CASP8AP2	6	89829894	89874436
MAP3K7	6	90513573	90587086
EPHA7	6	93240020	93419687
MANEA	6	95577485	95609470
ASCC3	6	100508194	100881372
PREP	6	105273218	105454062
ATG5	6	106045423	106325791
CRYBG1	6	106360717	106572017
RTN4IP1	6	106570771	106629498
MTRES1	6	107028199	107051586
FOXO3	6	108559835	108684774
TRAF3IP2	6	111555381	111606906
HDAC2	6	113933028	114011308
HS3ST5	6	114055596	114343023
RWDD1	6	116571409	116597675
ZUP1	6	116635618	116668794
MCM9	6	118813442	118935162
MAN1A1	6	119177205	119349761
GJA1	6	121435595	121449727
ECHDC1	6	127288712	127343609
ENPP3	6	131628442	131747418
ENPP1	6	131808016	131895155
STX7	6	132445867	132513198
SGK1	6	134169248	134318112
HBS1L	6	134960378	135103056
MAP7	6	136342281	136550819
MAP3K5	6	136557046	136793097
IFNGR1	6	137197483	137219449
REPS1	6	138903493	138988261
HECA	6	139135080	139180802
ADGRG6	6	142301854	142446266
HIVEP2	6	142751469	142956698
PLAGL1	6	143940300	144064599
UTRN	6	144285335	144853034
STXBP5	6	147204180	147391010
SAMD5	6	147508690	147737547
TAB2	6	149218641	149411613
SUMO4	6	149400262	149401278
KATNA1	6	149594873	149648972
LATS1	6	149658153	149718105
RMND1	6	151398898	151452158
CNKSR3	6	154387515	154510685
TCP1	6	159778498	159789703
IGF2R	6	159969082	160113507
LPA	6	160531482	160664275
PDE10A	6	165327287	165988117
SMOC2	6	168441151	168673445
PHF10	6	169703902	169725566
TBP	6	170554302	170572870
PDGFA	7	497258	520296
MAD1L1	7	1815793	2233243
PMS2	7	5970925	6009130
AIMP2	7	6009255	6023834
RAC1	7	6374527	6403967
RPA3	7	7636518	7718607
GLCCI1	7	7968796	8094272
ICA1	7	8113184	8262687
TMEM106B	7	12211270	12243367
TSPAN13	7	16753755	16784536
AHR	7	16916359	17346152
HDAC9	7	18086949	19002416
TWIST1	7	19020991	19117636
MACC1	7	20134655	20217404
CDCA7L	7	21900899	21945903
CYCS	7	25118656	25125260
CBX3	7	26201162	26213607
HOXA5	7	27141052	27143681
HOXA9	7	27162438	27175180
HOXA10	7	27170605	27180261
HOXA13	7	27193503	27200091
SCRN1	7	29920104	29990289
EPDR1	7	37920640	37951936
BLVRA	7	43758680	43807342
URGCP	7	43875894	43926411
OGDH	7	44606572	44709066
ZMIZ2	7	44748581	44769881
PURB	7	44876299	44885530
SNHG15	7	44983019	44986961
TBRG4	7	45100100	45112047
EGFR	7	55019017	55211628
LANCL2	7	55365337	55433737
CCT6A	7	56051685	56063989
GUSB	7	65960684	65982215
NSUN5	7	73302516	73308826
BCL7B	7	73536356	73557690
TBL2	7	73567537	73578791
ABHD11	7	73736094	73738852
LIMK1	7	74082933	74122525
GTF2I	7	74650231	74760692
RHBDD2	7	75842602	75888926
POR	7	75899200	75986855
GNAI1	7	79768028	80226181
CACNA2D1	7	81946444	82443956
SLC25A40	7	87833568	87876360
SRI	7	88205115	88226993
STEAP4	7	88270892	88306894
STEAP1	7	90154456	90164829
GTPBP10	7	90335223	90391453
CDK14	7	90466424	91210590
FZD1	7	91264433	91271326
CDK6	7	92604921	92836573
VPS50	7	93232340	93361123
TFPI2	7	93885396	93890753
PEG10	7	94656325	94669695
PON2	7	95404862	95435329
SLC25A13	7	96120220	96322147
SDHAF3	7	97117698	97181763
TECPR1	7	98214624	98252232
TRRAP	7	98877933	99050831
SMURF1	7	99027440	99144108
CYP3A5	7	99648194	99679996
MCM7	7	100092233	100101940
MEPCE	7	100428322	100434126
GIGYF1	7	100679507	100694250
EPHB4	7	100802565	100827523
ORAI2	7	102433106	102456825
PSMC2	7	103328570	103370346
SLC26A3	7	107765467	107803225
DLD	7	107891162	107931730
IFRD1	7	112422887	112481017
MDFIC	7	114922094	115019917
TES	7	116210506	116258783
CAV2	7	116287380	116508541
MET	7	116672196	116798377
TSPAN12	7	120787320	120858402
WASL	7	123681943	123749003
SND1	7	127652194	128092609
IMPDH1	7	128392277	128409986
TNPO3	7	128954180	129055173
TMEM209	7	130164713	130207770
MEST	7	130486171	130506465
PODXL	7	131500262	131558217
AKR1B1	7	134442356	134459284
CYREN	7	135092363	135170795
ZC3HAV1L	7	139025706	139036042
FMC1	7	139339457	139346328
HIPK2	7	139561570	139777998
BRAF	7	140719327	140924929
MGAM	7	141907813	142106747
EPHB6	7	142855061	142871094
TRPV6	7	142871208	142885745
CASP2	7	143288215	143307696
ZYX	7	143381295	143391111
EPHA1	7	143390289	143408856
CUL1	7	148697914	148801110
PDIA4	7	149003062	149028662
AGAP3	7	151085831	151144436
PRKAG2	7	151556124	151877214
SHH	7	155799980	155812463
NOM1	7	156949712	156973176
CD99	X	2691187	2741309
PRPS2	X	12791355	12824222
RAB9A	X	13689128	13710504
RBBP7	X	16839283	16870362
RAI2	X	17800049	17861337
PDHA1	X	19343893	19361718
ZFX	X	24149173	24216255
DMD	X	31097677	33339609
TSPAN7	X	38561542	38688920
BCOR	X	40049815	40177329
DDX3X	X	41333348	41364472
CASK	X	41514934	41923554
MAOA	X	43654907	43746817
KDM6A	X	44873188	45112779
RGN	X	47078355	47093314
RBM10	X	47145221	47186813
UBA1	X	47190861	47215128
CDK16	X	47217860	47229997
USP11	X	47232866	47248328
ELK1	X	47635520	47650604
PORCN	X	48508959	48520814
EBP	X	48521799	48528716
HDAC6	X	48801377	48824982
PIM2	X	48913182	48919024
TFE3	X	49028726	49043410
PLP2	X	49171898	49175235
SMC1A	X	53374149	53422728
HSD17B10	X	53431258	53434370
HUWE1	X	53532096	53686752
PHF8	X	53936676	54048958
APEX2	X	55000363	55009057
SPIN3	X	56818298	56995827
ZC4H2	X	64915802	65034713
MSN	X	65588377	65741931
AR	X	67544021	67730619
IGBP1	X	70133447	70166324
FOXO4	X	71095851	71103535
MED12	X	71118543	71144103
GJB1	X	71212811	71225516
ZMYM3	X	71239624	71255146
NONO	X	71254814	71301522
TAF1	X	71366136	71532374
OGT	X	71533087	71575892
HDAC8	X	72329516	72573101
PBDC1	X	76173040	76178755
ATRX	X	77504880	77786233
ATP7A	X	77910690	78050395
PGK1	X	77910739	78129295
GLA	X	101393273	101408012
GPRASP1	X	102651092	102659083
GPRASP2	X	102712445	102717733
BEX2	X	103309346	103311007
TBC1D8B	X	106802673	106876150
PRPS1	X	107628428	107651993
MID2	X	107825755	107931637
PSMD10	X	108084207	108091549
COL4A5	X	108439838	108697545
NXT2	X	109535781	109544698
ACSL4	X	109624244	109733403
TMEM164	X	110002631	110184247
ALG13	X	111665811	111760649
AMOT	X	112774503	112840831
PLS3	X	115561174	115650861
IL13RA1	X	118727133	118794535
NKRF	X	119588337	119606443
SEPTIN6	X	119615724	119693370
LAMP2	X	120426148	120469365
CUL4B	X	120505920	120604074
MCTS1	X	120594010	120621159
XIAP	X	123859712	123913972
SMARCA1	X	129446501	129523500
OCRL	X	129539849	129592561
BCORL1	X	129981107	130058071
ELF4	X	130063955	130110716
AIFM1	X	130124666	130165879
PHF6	X	134373288	134428791
HPRT1	X	134460165	134520513
RTL8C	X	135032355	135033546
RBMX	X	136848004	136880764
TMEM185A	X	149596556	149631912
HMGB3	X	150980509	150990771
TREX2	X	153444473	153470587
HCFC1	X	153947557	153971818
IRAK1	X	154010506	154019902
EMD	X	154379273	154381574
FAM3A	X	154506159	154516242
G6PD	X	154517825	154547572
IKBKG	X	154541199	154565046
DKC1	X	154762742	154777689
FBXO25	8	406428	477967
MCPH1	8	6406592	6648508
TNKS	8	9555912	9782346
FDFT1	8	11795573	11839395
PSD3	8	18527303	19084730
LPL	8	19901717	19967259
XPO7	8	21919662	22006585
REEP4	8	22138020	22141951
CCAR2	8	22604757	22620964
TNFRSF10B	8	23020133	23069031
TNFRSF10D	8	23135588	23164027
TNFRSF10A	8	23190452	23225102
NKX3-1	8	23678697	23682938
ADAM28	8	24294069	24359014
KCTD9	8	25427847	25458476
DPYSL2	8	26514031	26658178
PTK2B	8	27311482	27459391
EPHX2	8	27490781	27548615
ZNF395	8	28345590	28402701
FZD3	8	28494205	28574267
LEPROTL1	8	30095408	30177208
RBPMS	8	30384511	30572256
GSR	8	30678066	30727846
WRN	8	31033788	31176138
ERLIN2	8	37736601	37758422
EIF4EBP1	8	38030534	38060365
ASH2L	8	38105493	38144076
PLEKHA2	8	38901235	38973912
ADAM9	8	38996754	39105445
TCIM	8	40153482	40155310
SFRP1	8	41261962	41309473
IKBKB	8	42271302	42332460
POLB	8	42338454	42371808
SLC20A2	8	42416475	42541926
HOOK3	8	42896946	43030535
FNTA	8	43034194	43085788
PRKDC	8	47773111	47960178
MCM4	8	47960185	47978160
SNAI2	8	48917598	48921740
ATP6V1H	8	53715543	53843558
LYN	8	55879835	56014169
CHD7	8	60678740	60868028
YTHDF3	8	63168553	63212786
RRS1	8	66429014	66430733
COPS5	8	67043079	67083783
CSPP1	8	67062417	67196778
NCOA2	8	70109782	70403808
TERF1	8	73008856	73048123
STAU2	8	73420369	73747708
ELOC	8	73939169	73972307
JPH1	8	74234700	74321540
ZFHX4	8	76681239	76867281
ZC2HC1A	8	78666050	78719765
ZBTB10	8	80485619	80526265
SNX16	8	81799581	81842866
WWP1	8	86342547	86478420
RMDN1	8	86468257	86514357
RIPK2	8	89757806	89791064
OSGIN2	8	89901849	89927888
NBN	8	89924515	90003228
PTDSS1	8	96261902	96336995
SDC2	8	96493813	96611790
TSPYL5	8	97273488	97277928
LAPTM4B	8	97775057	97853013
RIDA	8	98102344	98117171
STK3	8	98371228	98942827
VPS13B	8	99013266	99877580
YWHAZ	8	100916523	100953388
GRHL2	8	101492439	101669726
UBR5	8	102252273	102412759
FZD6	8	103298433	103332866
ANGPT1	8	107249482	107498055
NUDCD1	8	109240919	109334121
UTP23	8	116766505	116849463
MAL2	8	119165034	119245673
DEPTOR	8	119873717	120050918
SQLE	8	124998497	125022283
TRIB1	8	125430358	125438403
LRATD2	8	126552443	126558478
PCAT1	8	126556323	127419050
MYC	8	127735434	127742951
PVT1	8	127794513	128188202
EFR3A	8	131904093	132013642
NDRG1	8	133237175	133302022
CHRAC1	8	140511311	140517154
PTK2	8	140657900	141002216
JRK	8	142657460	142681968
TOP1MT	8	143304384	143359979
SCRIB	8	143790920	143815773
PLEC	8	143915153	143976734
SHARPIN	8	144098633	144108124
HGH1	8	144137774	144140851
HSF1	8	144291591	144314720
DGAT1	8	144314584	144326910
CYHR1	8	144449582	144462871
SMARCA2	9	1980290	2193624
VLDLR	9	2621182	2660056
PUM3	9	2720469	2844095
JAK2	9	4984390	5129948
MPDZ	9	13105706	13279692
PSIP1	9	15464066	15510995
PLIN2	9	19108375	19149290
MTAP	9	21802636	21937651
APTX	9	32886601	33025130
DNAJA1	9	33025273	33039907
NFX1	9	33290512	33371157
AQP7	9	33383179	33402682
UBAP2	9	33921693	34049388
SIGMAR1	9	34634722	34637844
IL11RA	9	34652162	34661902
CREB3	9	35732598	35736999
GLIPR2	9	36136536	36163913
RNF38	9	36336396	36487548
ALDH1B1	9	38392702	38398661
TJP2	9	69121264	69274615
TRPM3	9	70529060	71446977
CEMIP2	9	71683366	71816690
ZFAND5	9	72351413	72365235
RORB	9	74497335	74693177
VPS13A	9	77177445	77421537
GNAQ	9	77716097	78031811
DAPK1	9	87497228	87708634
CTSL	9	87724051	87731469
SPIN1	9	88388430	88478694
CKS2	9	89311195	89316703
SEMA4D	9	89360787	89498130
GADD45G	9	89605012	89606555
NINJ1	9	93121496	93134251
FBP1	9	94603133	94640249
PTCH1	9	95442980	95517057
TDRD7	9	97412096	97496125
NCBP1	9	97633668	97673748
XPA	9	97674909	97697340
TGFBR1	9	99104038	99154192
ALG2	9	99216425	99221942
NR4A3	9	99821855	99866891
INVS	9	100099243	100302175
NIPSNAP3A	9	104747683	104760120
ABCA1	9	104781006	104928155
FKTN	9	105558122	105653820
KLF4	9	107484852	107490482
CTNNAL1	9	108942569	109013522
ECPAS	9	111360685	111484745
SNX30	9	112750760	112881671
FKBP15	9	113161006	113221458
ALAD	9	113386312	113401290
TNC	9	115019575	115118207
PAPPA	9	116153791	116402321
ASTN2	9	116423112	117415070
PTGS1	9	122370530	122395703
RC3H2	9	122844556	122905359
NEK6	9	124257606	124353307
PBX3	9	125747345	125967377
RALGPS1	9	126914774	127223166
CDK9	9	127785679	127790792
ENG	9	127811130	127854773
GOLGA2	9	128255829	128276026
ZER1	9	128729786	128772414
SH3GLB2	9	129007036	129028331
PTPA	9	129110950	129148946
NTMT1	9	129608884	129636135
PTGES	9	129738331	129753042
TOR1A	9	129812942	129824244
NCS1	9	130172404	130237303
FUBP3	9	130578965	130638352
ABL1	9	130713043	130887675
AIF1L	9	131096476	131123152
NUP214	9	131125573	131234663
POMT1	9	131502789	131523806
NTNG2	9	132162058	132244526
DDX31	9	132592997	132670401
TSC1	9	132891348	132946874
ABO	9	133233278	133276024
SURF6	9	133328776	133336188
BRD3	9	134030305	134068535
WDR5	9	134135365	134159968
RXRA	9	134317098	134440585
COL5A1	9	134641803	134844843
PAEP	9	135561756	135566955
NACC2	9	136006537	136095289
SEC16A	9	136440096	136483759
NOTCH1	9	136494433	136546048
RABL6	9	136807943	136841187
TRAF2	9	136881912	136929221
SAPCD2	9	137062127	137070557
MAN1B1	9	137086857	137109189
ZMYND19	9	137582081	137590512
EHMT1	9	137618992	137870016
RIC8A	11	207708	215113
SIRT3	11	215030	236931
SIGIRR	11	405715	417455
HRAS	11	532242	537321
PNPLA2	11	818914	825573
CD151	11	832887	839831
AP2A2	11	924881	1012245
TOLLIP	11	1274371	1309654
MOB2	11	1469457	1501247
TSSC4	11	2400488	2403878
KCNQ1	11	2444654	2849105
CDKN1C	11	2883213	2885775
NAP1L4	11	2944431	2992377
NUP98	11	3671083	3797792
PGAP2	11	3797724	3826371
STIM1	11	3854527	4093210
RRM1	11	4094707	4138932
TRIM21	11	4384897	4393702
TRIM5	11	5663195	5938619
SMPD1	11	6390440	6394998
ILK	11	6603708	6610874
STK33	11	8391868	8594289
TMEM9B	11	8947202	8965011
IPO7	11	9384652	9448127
WEE1	11	9573670	9593457
ADM	11	10305073	10307397
DKK3	11	11956207	12009769
MICAL2	11	12094008	12362140
ARNTL	11	13276652	13387266
FAR1	11	13668659	13732346
NUCB2	11	17208153	17349980
KCNJ11	11	17365172	17389331
ABCC8	11	17392498	17476894
HPS5	11	18278668	18322198
LDHA	11	18394560	18408425
TSG101	11	18468336	18526951
UEVLD	11	18529609	18588747
NAV2	11	19350724	20121601
HTATIP2	11	20363685	20383782
LGR4	11	27365961	27472790
KCNA4	11	30009730	30017030
MPPED2	11	30384493	30586872
HIPK3	11	33256672	33357023
CD59	11	33703010	33736479
ABTB2	11	34150987	34358010
CAT	11	34438934	34472060
EHF	11	34621093	34663288
CD44	11	35138882	35232402
TRAF6	11	36483769	36510272
API5	11	43311963	43344529
CD82	11	44564427	44620363
TSPAN18	11	44726465	44932423
CRY2	11	45847118	45883248
MAPK8IP1	11	45885651	45906465
CKAP5	11	46743048	46846308
DDB2	11	47214465	47239217
NR1H3	11	47248300	47269033
MTCH2	11	47617315	47642607
PTPRJ	11	47980425	48170839
FOLH1	11	49145092	49208638
SSRP1	11	57325986	57335892
TMX2	11	57712580	57742987
CTNND1	11	57753243	57819546
LPXN	11	58526871	58578220
CCDC86	11	60842113	60851081
PRPF19	11	60890547	60906585
TMEM109	11	60913907	60923443
PGA3	11	61203307	61213098
DDB1	11	61299451	61342596
FADS2	11	61792980	61867354
FADS1	11	61799627	61829318
EEF1G	11	62559596	62574086
MTA2	11	62593214	62601865
GANAB	11	62624826	62646726
UQCC3	11	62670273	62673686
TTC9C	11	62728069	62740293
POLR2G	11	62761565	62766710
NXF1	11	62792123	62806302
WDR74	11	62832342	62841809
SNHG1	11	62851833	62856444
SLC3A2	11	62856004	62888880
ATL3	11	63624087	63671921
MARK2	11	63838928	63911020
NAA40	11	63938959	63957319
OTUB1	11	63985853	64001811
VEGFB	11	64234584	64239264
GPR137	11	64270062	64289494
ESRRA	11	64305497	64316743
MAP4K2	11	64784918	64803241
MEN1	11	64803510	64811294
CDC42BPG	11	64823052	64844653
SNX15	11	65027439	65040572
ZFPL1	11	65084210	65088398
SYVN1	11	65121780	65134532
CAPN1	11	65180566	65212006
DPF2	11	65333843	65354262
PCNX3	11	65615776	65637439
RELA	11	65653599	65663090
KAT5	11	65711996	65719604
AP5B1	11	65773898	65780976
FIBP	11	65883740	65888531
SART1	11	65961728	65980137
EIF1AD	11	65996545	66002176
B4GAT1	11	66345374	66347629
RBM14	11	66616626	66629934
PC	11	66848417	66958386
GRK2	11	67266473	67286556
ANKRD13D	11	67289300	67302485
PPP1CA	11	67398181	67421183
CORO1B	11	67435510	67443821
AIP	11	67468174	67491154
CHKA	11	68052859	68121444
LRP5	11	68312591	68449275
CPT1A	11	68754620	68844410
CCND1	11	69641156	69654474
ANO1	11	69985907	70189530
FADD	11	70203296	70207390
PPFIA1	11	70270690	70385312
CTTN	11	70398404	70436584
DHCR7	11	71428193	71452868
RNF121	11	71929018	71997597
NUMA1	11	72002864	72080693
FOLR1	11	72189558	72196323
INPPL1	11	72223701	72239147
FAM168A	11	73400487	73598189
UCP2	11	73974061	73982843
SERPINH1	11	75562056	75572783
EMSY	11	76444923	76553031
PAK1	11	77322017	77474635
PRCP	11	82822936	82970584
TMEM126A	11	85647967	85656547
PICALM	11	85957175	86069882
EED	11	86201212	86279807
FZD4	11	86945679	86955395
CTSC	11	88265069	88359684
MRE11	11	94415570	94493885
FUT4	11	94543921	94549895
SESN3	11	95165513	95232541
FAM76B	11	95768953	95790409
MAML2	11	95976598	96343195
YAP1	11	102110447	102233424
BIRC2	11	102347211	102378670
TMEM123	11	102396332	102470384
PDGFD	11	103907189	104164379
CUL5	11	108008898	108107761
ACAT1	11	108116695	108148957
NPAT	11	108155280	108222638
ATM	11	108222804	108369102
DDX10	11	108665058	108940999
FDX1	11	110429948	110464884
SIK2	11	111602449	111730855
ALG9	11	111782195	111871581
NKAPD1	11	112074086	112085150
TTC12	11	113314579	113383544
ZBTB16	11	114059041	114256765
REXO2	11	114439435	114450279
ZPR1	11	116773799	116788039
SIK3	11	116843402	117098437
BACE1	11	117285232	117316259
KMT2A	11	118436456	118526832
DDX6	11	118747763	118791164
SLC37A4	11	119023751	119030906
HYOU1	11	119044188	119057227
H2AFX	11	119093874	119095465
DPAGT1	11	119096025	119108331
NECTIN1	11	119623408	119729200
SORL1	11	121452314	121633763
HSPA8	11	123057489	123063230
SIAE	11	124633113	124695707
CHEK1	11	125625163	125676255
FOXRED1	11	126269024	126278131
TIRAP	11	126282497	126298845
TMEM45B	11	129815848	129860003
PRDM10	11	129899706	130002835
ST14	11	130159782	130210362
SNX19	11	130866250	130916479
IGSF9B	11	133896438	133956968
JAM3	11	134069071	134152001
THYN1	11	134248279	134253370
B3GAT1	11	134378504	134412242
LARP4B	10	806933	931821
GTPBP4	10	988434	1019932
WDR37	10	1049538	1160991
PFKP	10	3066333	3137718
PFKFB3	10	6144934	6254644
ATP5F1C	10	7788147	7807815
GATA3	10	8045378	8075198
CDC123	10	12195965	12250589
OPTN	10	13099449	13138308
BMI1	10	22321099	22331484
MPP7	10	28050993	28334486
SVIL	10	29457338	29736959
MTPAP	10	30309801	30374448
KIF5B	10	32009015	32056425
CCDC7	10	32446140	32882874
NRP1	10	33177492	33336262
PARD3	10	34109560	34815325
CUL2	10	35008504	35127006
CCNY	10	35247025	35572669
HNRNPF	10	43385617	43409186
RASSF4	10	44959407	44995891
NCOA4	10	46005088	46030623
ANXA8	10	47460162	47484158
MAPK8	10	48306639	48439360
ERCC6	10	49454168	49539538
WASHC2A	10	50067888	50133509
UBE2D1	10	58334979	58370751
TFAM	10	58385345	58399220
CCDC6	10	59788747	59906556
CDK1	10	60778331	60794852
SIRT1	10	67884656	67918390
PBLD	10	68282660	68333049
RUFY2	10	68341107	68407294
DDX50	10	68901286	68946847
DDX21	10	68956135	68985068
SUPV3L1	10	69180234	69209099
HK1	10	69269984	69401884
EIF4EBP2	10	70404145	70428618
PCBD1	10	70882280	70888565
DNAJB12	10	72332830	72355149
P4HA1	10	73007217	73096974
ECD	10	73130155	73169055
DNAJC9	10	73183362	73247255
CAMK2G	10	73812501	73874591
VCL	10	73995193	74121363
VDAC2	10	75210154	75231448
KCNMA1	10	76869601	77638369
ZMIZ1	10	79068966	79316519
PPIF	10	79347469	79355334
PRXL2A	10	80407829	80437115
TSPAN14	10	80454265	80533124
GHITM	10	84139482	84154841
WAPL	10	86435256	86521792
BMPR1A	10	86755786	86932825
MMRN2	10	86935540	86969481
GLUD1	10	87050202	87094843
SHLD2	10	87094161	87191465
MINPP1	10	87504875	87553461
PTEN	10	87862638	87971930
FAS	10	88953813	89029605
LIPA	10	89213569	89414557
BTAF1	10	91923770	92031437
CPEB3	10	92046692	92291078
IDE	10	92451684	92574096
MYOF	10	93306429	93482334
FRA10AC1	10	93667883	93702592
NOC3L	10	94333226	94362959
CRTAC1	10	97865000	98030828
GOT1	10	99396870	99430624
CHUK	10	100188300	100229596
BLOC1S2	10	100273280	100286680
PAX2	10	100735396	100829944
BTRC	10	101354033	101557321
NPM3	10	101781325	101783446
ARMH3	10	101845599	102056193
NOLC1	10	102152176	102163871
GBF1	10	102245371	102382899
NFKB2	10	102394110	102402524
CUEDC2	10	102423245	102432584
SFXN2	10	102714538	102743492
NT5C2	10	103087185	103277605
COL17A1	10	104031286	104085880
GSTO1	10	104235356	104267459
XPNPEP1	10	109864766	109923553
SMC3	10	110567684	110606048
PDCD4	10	110871795	110900006
TCF7L2	10	112950247	113167678
CASP7	10	113679162	113730907
ADRB1	10	114043866	114046904
AFAP1L2	10	114294824	114404756
TRUB1	10	114938195	114977676
EMX2	10	117542445	117549546
CACUL1	10	118674167	118755249
EIF3A	10	119033670	119080817
BAG3	10	119651380	119677819
FGFR2	10	121478332	121598458
TACC2	10	121989163	122254545
PLEKHA1	10	122374696	122432354
CTBP2	10	124984317	125161170
EDRF1	10	125719515	125764143
BCCIP	10	125823546	125853695
MGMT	10	129467190	129770983
BNIP3	10	131967684	131981967
ECHS1	10	133362485	133373354
RAD52	12	911736	990053
ERC1	12	990509	1495933
ADIPOR2	12	1688574	1788674
TSPAN9	12	3077355	3286564
PARP11	12	3791047	3873448
CCND2	12	4269771	4305353
TNFRSF1A	12	6328757	6342114
SCNN1A	12	6346843	6377730
LTBR	12	6375045	6391571
NOP2	12	6556863	6568691
USP5	12	6852148	6866632
ENO2	12	6913745	6923698
PTPN6	12	6946468	6961316
PHB2	12	6965327	6970780
C1RL	12	7089587	7109238
CLSTN3	12	7129698	7158945
FOXJ2	12	8032716	8055517
STYK1	12	10618923	10674318
ETV6	12	11649674	11895377
LRP6	12	12116025	12267044
CDKN1B	12	12685498	12722369
EMP1	12	13196723	13219941
RERG	12	15107783	15348675
RECQL	12	21468910	21501669
KRAS	12	25205246	25250936
RASSF8	12	25958232	26079892
CCDC91	12	28133249	28581511
ERGIC2	12	29337352	29381189
SINHCAF	12	31280584	31327058
PKP2	12	32790745	32896798
IRAK4	12	43758944	43798307
RPAP3	12	47661249	47706030
VDR	12	47841537	47943048
SENP1	12	48039784	48106079
CCNT1	12	48688458	48716998
FKBP11	12	48921518	48926474
PRKAG1	12	49002274	49018807
KMT2D	12	49018975	49060794
LMBR1L	12	49097136	49110900
SPATS2	12	49366584	49527425
LARP4	12	50392383	50480004
DIP2B	12	50504985	50748657
ATF1	12	50763710	50821162
SLC11A2	12	50979401	51028566
DAZAP2	12	51238724	51271362
ACVRL1	12	51906908	51923361
ACVR1B	12	51951699	51997078
NR4A1	12	52022832	52059507
TNS2	12	53046969	53064379
MFSD5	12	53251251	53254406
SP1	12	53380176	53416446
PRR13	12	53441678	53446645
CBX5	12	54230942	54280133
GDF11	12	55743122	55757264
PYM1	12	55901413	55932618
CDK2	12	55966781	55972789
ERBB3	12	56076799	56103505
STAT2	12	56341597	56360203
RBMS2	12	56521820	56596193
PTGES3	12	56663341	56688408
NEMP1	12	57055643	57088063
STAT6	12	57095408	57132139
LRP1	12	57128483	57213361
NXPH4	12	57216794	57226449
SHMT2	12	57229573	57234935
R3HDM2	12	57253762	57431043
TSPAN31	12	57738013	57750219
CDK4	12	57747727	57756013
MON2	12	62466817	62600476
PPM1H	12	62643994	62935150
DPY19L2	12	63558913	63668939
TBK1	12	64452090	64502114
RASSF3	12	64507001	64697567
GNS	12	64713445	64759431
TBC1D30	12	64759484	64881033
TMBIM4	12	66135846	66170027
CAND1	12	67269358	67319953
MDM1	12	68272443	68332381
NUP107	12	68686951	68745809
MDM2	12	68808177	68845544
CPSF6	12	69239569	69274358
CCT2	12	69585426	69601570
ZDHHC17	12	76764103	76853696
PAWR	12	79574979	79690964
TMTC3	12	88142296	88199887
KITLG	12	88492793	88580851
DUSP6	12	89347235	89352501
ATP2B1	12	89588049	89709366
SOCS2	12	93569814	93583487
NTN4	12	95657807	95791189
LTA4H	12	96000753	96043520
ELK3	12	96194375	96269824
CDK17	12	96278261	96400480
TMPO	12	98515561	98550351
APAF1	12	98645149	98735433
WASHC3	12	102012840	102062149
NT5DC3	12	103770453	103841234
TXNRD1	12	104215779	104350307
WASHC4	12	105107324	105169130
CKAP4	12	106237881	106304279
MTERF2	12	106973120	106987163
PWP1	12	107685799	107713162
SART3	12	108522214	108561400
CORO1C	12	108645109	108731526
UNG	12	109097597	109126725
ACACB	12	109116587	109268226
KCTD10	12	109448655	109477359
ANKRD13A	12	109999186	110039763
ATP2A2	12	110280756	110351093
CUX2	12	111034165	111350554
PHETA1	12	111360651	111369121
ATXN2	12	111443485	111599676
ALDH2	12	111766887	111817532
TRAFD1	12	112125538	112153604
HECTD4	12	112160188	112382439
PTPN11	12	112418351	112509918
TPCN1	12	113221050	113298585
RBM19	12	113816738	113966325
TBX3	12	114670255	114684175
RFC5	12	118013588	118033130
HSPB8	12	119171555	119224855
PRKAB1	12	119667864	119681624
GCN1	12	120127202	120194715
PXN	12	120210439	120265771
MSI1	12	120341330	120369164
P2RX4	12	121210065	121234106
MLXIP	12	122078756	122147344
ZCCHC8	12	122471600	122500932
VPS37B	12	122865330	122896127
MPHOSPH9	12	123152320	123244014
SBNO1	12	123289109	123364847
RILPL1	12	123470054	123533719
DDX55	12	123602077	123620943
NCOR2	12	124324415	124567612
SCARB1	12	124776856	124882668
BRI3BP	12	124993645	125031231
RAN	12	130872037	130877678
SFSWAP	12	131711081	131799738
ULK1	12	131894622	131923150
DDX51	12	132136594	132144319
PGAM5	12	132710819	132722734
CHFR	12	132822187	132956304
PSPC1	13	19674752	19783019
CDK8	13	26254104	26420982
RFC3	13	33818069	33966558
DCLK1	13	35768652	36131382
SPART	13	36301638	36370180
PROSER1	13	39009865	39038089
FOXO1	13	40555667	40666641
NAA16	13	41311267	41377030
VWA8	13	41566835	41961120
AKAP11	13	42272152	42323261
LRCH1	13	46553168	46753040
RB1	13	48303744	48599436
LPAR6	13	48389567	48444704
CYSLTR2	13	48653711	48711226
FNDC3A	13	48975912	49209779
KPNA3	13	49699320	49792682
SPRYD7	13	49912702	49936490
DLEU2	13	49956669	50126118
DLEU1	13	50081725	50906856
RNASEH2B	13	50909747	51024120
ALG11	13	52012391	52079232
HNRNPA1L2	13	52642431	52643773
TDRD3	13	60396457	60573878
DACH1	13	71437966	71867204
DIS3	13	72752169	72782096
PIBF1	13	72782133	73016461
KLF5	13	73054976	73077541
CLN5	13	76990660	77019143
ABCC4	13	95019835	95301475
RAP2A	13	97434169	97469128
IPO5	13	97953658	98024296
DOCK9	13	98793429	99086625
TMTC4	13	100603625	100675093
ERCC5	13	102845831	102875995
EFNB2	13	106489745	106535662
LIG4	13	108207439	108218368
IRS2	13	109752695	109786583
COL4A1	13	110148963	110307202
ING1	13	110712736	110723339
ARHGEF7	13	111114559	111305737
F7	13	113105788	113120685
PCID2	13	113177536	113208715
CUL4A	13	113208193	113267108
LAMP1	13	113297239	113323672
GAS6	13	113820549	113864076
CHAMP1	13	114314482	114337626
APEX1	14	20455191	20457772
PNP	14	20461992	20477094
NDRG2	14	21016763	21070872
TOX4	14	21476597	21499175
METTL3	14	21498133	21511342
MMP14	14	22836560	22849041
RBM23	14	22893204	22919182
PRMT5	14	22920525	22929408
PSMB5	14	23016543	23035230
BCL2L2	14	23298790	23311751
EFS	14	23356403	23365752
NGDN	14	23469679	23509862
RNF31	14	24146683	24160660
DHRS1	14	24290598	24299780
LTB4R2	14	24305734	24312053
NFATC4	14	24365673	24379604
PRKD1	14	29576479	30191898
STRN3	14	30893799	31026401
EGLN3	14	33924227	34462774
CFL2	14	34709113	34714823
PPP2R3C	14	35085467	35122517
PSMA6	14	35278633	35317493
MIPOL1	14	37197894	37579125
FOXA1	14	37589552	37596059
FBXO33	14	39397684	39432466
KLHDC2	14	49768130	49786385
ARF6	14	49893079	49897054
MAP4K5	14	50418501	50561126
NIN	14	50719763	50831162
PYGL	14	50857891	50944483
TMX1	14	51240162	51257655
FRMD6	14	51489100	51730727
TXNDC16	14	52429472	52552547
GMFB	14	54474484	54489025
CGRRF1	14	54509812	54539292
GCH1	14	54842008	54902826
RTN1	14	59595976	59870776
PPM1A	14	60245752	60299087
SIX1	14	60643421	60658259
PRKCH	14	61187559	61550980
HIF1A	14	61695513	61748259
MTHFD1	14	64388031	64463457
ZBTB25	14	64449106	64505213
ZBTB1	14	64503712	64533690
HSPA2	14	64535905	64546173
MAX	14	65006174	65102695
FUT8	14	65410592	65744121
GPHN	14	66507407	67181803
EIF2S1	14	67360328	67386516
ARG2	14	67619920	67651708
ZFYVE26	14	67727374	67816590
ACTN1	14	68874123	68979440
SLC39A9	14	69398015	69462390
ZFYVE1	14	72969451	73027131
PSEN1	14	73136418	73223691
NUMB	14	73275107	73466167
RIOX1	14	73490933	73493394
PNMA1	14	73711783	73714384
ZNF410	14	73886617	73932521
ABCD4	14	74285269	74303055
YLPM1	14	74763316	74859435
PGF	14	74941834	74955626
JDP2	14	75427716	75474111
ERG28	14	75649791	75660876
IRF2BPL	14	77024543	77028708
GSTZ1	14	77320996	77331597
DIO2	14	80197526	80387757
SEL1L	14	81471547	81533853
SPATA7	14	88384924	88470350
NRDE2	14	90267860	90331969
RPS6KA5	14	90847861	91060641
TC2N	14	91779746	91867536
FBLN5	14	91869411	91947987
ATXN3	14	92044496	92106621
LGMN	14	92703807	92748679
SERPINA5	14	94561442	94593118
SERPINA3	14	94612384	94624055
DICER1	14	95086228	95158010
YY1	14	100238298	100282788
WARS	14	100333790	100376805
MEG3	14	100779206	100861031
DYNC1H1	14	101964573	102056443
CINP	14	102341102	102362916
RCOR1	14	102592649	102730561
ZFYVE21	14	103715730	103733668
AKT1	14	104769349	104795759
MTA1	14	105419820	105470729
SNURF	15	24954987	24977850
UBE3A	15	25333728	25439051
GABRB3	15	26543552	26939539
GABRG3	15	26971181	27541984
HERC2	15	28111040	28322179
TJP1	15	29699367	29968915
SCG5	15	32641676	32697098
EMC4	15	34225013	34230156
SLC12A6	15	34229784	34338060
THBS1	15	39581079	39599466
EIF2AK4	15	39934115	40035591
KNSTRN	15	40382721	40394288
DNAJC17	15	40765161	40807478
NUSAP1	15	41320794	41381050
GANC	15	42273201	42353666
ZNF106	15	42412823	42491141
SNAP23	15	42491233	42545356
CCNDBP1	15	43185118	43197177
TP53BP1	15	43403061	43510728
PDIA3	15	43746394	43773279
SORD	15	45023147	45077185
DUOX2	15	45092650	45114172
DUOXA1	15	45117366	45129938
SPATA5L1	15	45402336	45421415
MYEF2	15	48134632	48178353
EID1	15	48878134	48880173
SECISBP2L	15	48988476	49046447
TRPM7	15	50552473	50686797
SPPL2A	15	50702266	50765948
DMXL2	15	51447711	51622833
MYO5A	15	52307281	52529132
RAB27A	15	55202966	55319113
CGNL1	15	57375967	57550717
POLR2M	15	57706695	57782762
ADAM10	15	58588809	58749791
MINDY2	15	58771192	58861900
MYO1E	15	59132434	59372871
ANXA2	15	60347134	60402883
APH1B	15	63276018	63309126
CA12	15	63321378	63381846
SNX1	15	64094123	64146090
CSNK1G1	15	64165525	64356173
CLPX	15	65148219	65185342
DPP8	15	65442463	65517704
SLC24A1	15	65611366	65660995
RAB11A	15	65726054	65891989
MAP2K1	15	66386837	66491656
SMAD3	15	67063763	67195173
MAP2K5	15	67542703	67807117
PKM	15	72199029	72231819
HEXA	15	72340924	72376420
NPTN	15	73560014	73634134
CD276	15	73683966	73714514
LOXL1	15	73925989	73952137
PML	15	73994673	74047827
CLK3	15	74598500	74645414
CSK	15	74782080	74803197
MPI	15	74890005	74902219
SIN3A	15	75369379	75455842
SNX33	15	75647912	75662301
SCAPER	15	76347904	76905444
RCN2	15	76931738	76954393
TSPAN3	15	77041404	77083984
CTSH	15	78921058	78949574
ZNF592	15	84748592	84806445
ANPEP	15	89784895	89815401
IDH2	15	90083045	90102477
SEMA4B	15	90160604	90229679
IQGAP1	15	90388242	90502239
FURIN	15	90868588	90883564
UNC45A	15	90930180	90954093
MCTP2	15	94231538	94483952
IGF1R	15	98648539	98964530
SYNM	15	99098217	99135593
TTC23	15	99136323	99251223
MEF2A	15	99565417	99716488
LINS1	15	100559369	100603230
LUC7L	16	188969	229463
AXIN1	16	287440	352723
WDR90	16	649311	667833
STUB1	16	680224	682870
MSLN	16	760734	768865
CACNA1H	16	1153103	1224169
UBE2I	16	1291444	1327018
TELO2	16	1493344	1510457
JPT2	16	1678256	1702280
MAPK8IP3	16	1706166	1770351
SLC9A3R2	16	2025356	2039026
TSC2	16	2047967	2089491
PKD1	16	2088708	2135898
E4F1	16	2223580	2235742
ABCA3	16	2275881	2340746
PDPK1	16	2537979	2603190
KCTD5	16	2682523	2709030
TRAP1	16	3651639	3717553
CREBBP	16	3725054	3880713
DNAJA3	16	4425805	4456775
NUDT16L1	16	4693562	4695859
GLYR1	16	4803203	4847288
ABAT	16	8674596	8784575
PMM2	16	8788823	8862534
USP7	16	8892097	8975328
EMP2	16	10528422	10580632
CLEC16A	16	10944539	11182186
ZC3H7A	16	11750586	11797258
SNX29	16	11976734	12574287
ERCC4	16	13920138	13952348
MRTFB	16	14071319	14266773
PDXDC1	16	14974591	15153671
ABCC1	16	15949138	16143257
NOMO3	16	16232506	16300806
GPRC5B	16	19856691	19886167
SCNN1G	16	23182745	23216883
NDUFAB1	16	23581014	23596316
KDM8	16	27203508	27221768
IL4R	16	27313668	27364778
GTF3C1	16	27459555	27549913
XPO6	16	28097976	28211965
CLN3	16	28474111	28495575
SULT1A1	16	28605196	28610044
EIF3C	16	28688558	28735727
ATXN2L	16	28822999	28837237
TUFM	16	28842411	28846348
PRRT2	16	29811382	29815892
MVP	16	29820394	29848039
SEZ6L2	16	29871159	29899550
ALDOA	16	30064164	30070457
MAPK3	16	30114105	30123506
CD2BP2	16	30350773	30355308
ZNF768	16	30524004	30526821
SRCAP	16	30698209	30741409
BCL7C	16	30833626	30894302
ORAI3	16	30949068	30956461
BCKDK	16	31106107	31112791
FUS	16	31180138	31196963
PYCARD	16	31201486	31203450
VPS35	16	46656132	46689518
SIAH1	16	48356364	48448402
HEATR3	16	50065967	50107272
CYLD	16	50742050	50801935
RBL2	16	53433977	53491648
AKTIP	16	53491040	53504411
FTO	16	53701692	54158512
CRNDE	16	54844649	54931354
GNAO1	16	56189660	56357444
AMFR	16	56361452	56425545
NUDT21	16	56429133	56452199
NUP93	16	56730118	56850286
RSPRY1	16	57186137	57240469
POLR2C	16	57462660	57472009
CFAP20	16	58113592	58129381
CSNK2A2	16	58157907	58198106
CCDC113	16	58231157	58283836
NDRG4	16	58462846	58513628
CNOT1	16	58519951	58629885
CBFB	16	67028984	67101058
HSF4	16	67164681	67169945
E2F4	16	67192155	67198918
RIPOR1	16	67518418	67546788
CTCF	16	67562467	67639177
THAP11	16	67842320	67844195
NUTF2	16	67846882	67872567
PSKH1	16	67893254	67929676
NFATC3	16	68084751	68229259
SMPD3	16	68358327	68448508
CDH3	16	68636189	68727468
CDH1	16	68737292	68835537
SNTB2	16	69187147	69309052
VPS4A	16	69311336	69326939
TERF2	16	69355567	69408571
NFAT5	16	69565094	69704666
NQO1	16	69706996	69726668
WWP2	16	69762328	69941741
DDX19A	16	70346861	70373383
SF3B3	16	70523791	70577670
ATXN1L	16	71808439	71885268
ZFHX3	16	72782885	73891871
BCAR1	16	75228181	75268053
CFDP1	16	75293698	75433503
WWOX	16	78099400	79212667
MAF	16	79585843	79600737
OSGIN1	16	83931311	83966332
HSDL1	16	84122141	84145192
USP10	16	84699986	84779922
GSE1	16	85169525	85676204
IRF8	16	85899116	85922606
MAP1LC3B	16	87383953	87404779
SLC7A5	16	87830016	87869507
ZC3H18	16	88570403	88631964
CYBA	16	88643275	88651083
PIEZO1	16	88715338	88785220
GALNS	16	88813734	88856970
CDK10	16	89680737	89696354
TUBB3	16	89921392	89938761
GLOD4	17	757097	782294
NXN	17	799310	979776
CRK	17	1420689	1463162
MYO1C	17	1464186	1492686
SLC43A2	17	1569268	1628886
PRPF8	17	1650629	1684867
SERPINF2	17	1742836	1755265
RPA1	17	1829702	1900082
METTL16	17	2405562	2511891
NCBP3	17	3802158	3846246
MYBBP1A	17	4538897	4555386
ALOX15	17	4630919	4642294
PELP1	17	4669774	4704337
ARRB2	17	4710596	4721499
CXCL16	17	4733533	4739928
PLD2	17	4807152	4823434
SLC25A11	17	4937130	4940053
RNF167	17	4940008	4945222
ZNF232	17	5105269	5123162
C1QBP	17	5432777	5448830
DLG4	17	7187187	7219836
DVL2	17	7225342	7234517
PHF23	17	7235029	7239722
CLDN7	17	7259903	7263983
EIF5A	17	7306999	7312463
NEURL4	17	7315628	7329393
CHRNB1	17	7445061	7457710
ZBTB4	17	7459366	7484263
POLR2A	17	7484366	7514616
TNFSF12	17	7548508	7557890
TNFSF13	17	7558292	7561608
EIF4A1	17	7572824	7579006
MPDU1	17	7583529	7592789
FXR2	17	7591230	7614897
SAT2	17	7626234	7627876
TP53	17	7661779	7687546
KDM6B	17	7834217	7854796
CHD3	17	7884796	7912760
CNTROB	17	7932101	7949920
PER1	17	8140467	8156506
MYH10	17	8474207	8631376
MAP2K4	17	12020829	12143830
ELAC2	17	12991612	13018065
NCOR1	17	16029065	16218185
FLCN	17	17212212	17237188
RASD1	17	17494437	17496395
SREBF1	17	17810399	17837002
TOM1L2	17	17843507	17972422
ALKBH5	17	18183078	18209954
FLII	17	18244815	18258738
SHMT1	17	18327873	18363550
ALDH3A2	17	19648136	19685760
ULK2	17	19770829	19867936
SPECC1	17	20008865	20319026
TMEM97	17	28319200	28328685
POLDIP2	17	28346633	28357527
UNC119	17	28546708	28552631
NEK8	17	28725897	28743455
TRAF4	17	28744011	28750956
FLOT2	17	28879335	28897733
PHF12	17	28905250	28951771
TEFM	17	30897336	30906238
NF1	17	31094927	31382116
RHOT1	17	32142454	32253374
MYO1D	17	32492522	32877177
TMEM98	17	32927910	32945106
LIG3	17	34980512	35009743
SLFN5	17	35243071	35273655
ACACA	17	37084992	37406836
TADA2A	17	37406886	37479725
SYNRG	17	37514807	37609472
HNF1B	17	37686431	37745059
MRPL45	17	38297023	38323217
SRCIN1	17	38530031	38605952
LASP1	17	38869859	38921770
MED1	17	39404285	39451272
PPP1R1B	17	39626740	39636626
ERBB2	17	39687914	39730426
MIEN1	17	39728496	39730532
PSMD3	17	39980807	39997959
THRA	17	40058290	40093867
RARA	17	40309180	40357643
TOP2A	17	40388525	40417896
SMARCE1	17	40624962	40648654
JUP	17	41754604	41786931
ACLY	17	41866917	41930542
CNP	17	41966763	41977740
KAT2A	17	42113111	42121367
STAT5B	17	42199176	42288633
STAT5A	17	42287547	42311943
STAT3	17	42313324	42388568
COASY	17	42561467	42566277
RETREG3	17	42579513	42610623
TUBG1	17	42609641	42615238
EZH1	17	42700275	42745049
BECN1	17	42810134	42833350
PSME3	17	42824385	42843760
AARSD1	17	42950526	42964498
IFI35	17	43006740	43014456
ARL4D	17	43398993	43401137
SOST	17	43753738	43758791
LSM12	17	44034328	44067619
TMUB2	17	44186970	44191929
UBTF	17	44205033	44221626
SLC25A39	17	44319625	44324870
GRN	17	44345246	44353106
CCDC43	17	44673069	44689779
EFTUD2	17	44849948	44899445
HEXIM1	17	45148475	45152099
MAPT	17	45894527	46028334
CDC27	17	47117703	47189422
KPNB1	17	47649476	47685505
NFE2L1	17	48048329	48061545
CBX1	17	48070052	48101478
SNX11	17	48103357	48123601
HOXB4	17	48575507	48578350
HOXB5	17	48591257	48593779
HOXB6	17	48595751	48604992
HOXB7	17	48607232	48633572
HOXB9	17	48621156	48626358
HOXB13	17	48724763	48728750
PHB	17	49404049	49414905
ITGA3	17	50055968	50090481
PPP1R9B	17	50133737	50150677
LRRC59	17	50375059	50397523
ABCC3	17	50634777	50692253
ANKRD40	17	50693198	50707914
NME1	17	51153559	51162428
STXBP4	17	54968727	55173632
TMEM100	17	55719627	55732121
COIL	17	56938199	56961050
SCPEP1	17	56978129	57006768
MSI2	17	57255851	57684689
SRSF1	17	58000919	58007346
TSPOAP1	17	58301228	58328795
RNF43	17	58353676	58417595
CLTC	17	59619680	59696956
TUBD1	17	59859426	59892945
HEATR6	17	60041008	60078922
CA4	17	60149942	60170899
USP32	17	60177327	60422470
APPBP2	17	60443158	60526242
PPM1D	17	60600193	60666280
BCAS3	17	60677453	61392838
TBX2	17	61399843	61409466
METTL2A	17	62423875	62453385
TLK2	17	62458658	62615481
MRC2	17	62627670	62693597
ACE	17	63477061	63498380
PSMC5	17	63827152	63832026
ERN1	17	64039080	64130819
SMURF2	17	64542282	64662307
CEP112	17	65635537	66192133
PRKCA	17	66302613	66810743
KPNA2	17	68035636	68047364
PRKAR1A	17	68511780	68551319
KCNJ16	17	70053429	70135608
SOX9	17	72121020	72126416
SLC39A11	17	72645949	73092712
SDK2	17	73334384	73644445
GPRC5C	17	74424851	74451653
SLC9A3R1	17	74748628	74769353
CDR2L	17	74987632	75005800
GRB2	17	75318076	75405709
ITGB4	17	75721328	75757818
GALK1	17	75751594	75765236
H3F3B	17	75776434	75785893
WBP2	17	75845699	75856507
TRIM47	17	75874164	75878581
TRIM65	17	75880335	75896951
CDK3	17	76000855	76005999
FOXJ1	17	76136333	76141245
PRPSAP1	17	76309478	76384521
MXRA7	17	76672551	76711004
SRSF2	17	76734115	76737333
SEPTIN9	17	77280569	77500596
TK1	17	78172780	78187233
BIRC5	17	78214186	78225636
USP36	17	78787381	78841441
TIMP2	17	78852977	78925387
C1QTNF1	17	79022814	79049788
GAA	17	80101533	80119881
EIF4A3	17	80134369	80147151
SGSH	17	80206716	80220923
RPTOR	17	80544819	80966371
BAIAP2	17	81035122	81117434
CCDC137	17	81666737	81673904
HGS	17	81683326	81703138
SLC25A10	17	81712236	81721016
P4HB	17	81843159	81860856
ALYREF	17	81887835	81891586
SIRT7	17	81911939	81921323
FASN	17	82078338	82098294
CCDC57	17	82101460	82212878
CYBC1	17	82440912	82450829
FN3KRP	17	82716706	82730328
COLEC12	18	316737	500722
TYMS	18	657653	673578
ENOSF1	18	670318	712662
YES1	18	721588	812546
SMCHD1	18	2655726	2805017
PTPRM	18	7566782	8406861
MTCL1	18	8705556	8832778
TWSG1	18	9334767	9402420
PPP4R1	18	9546791	9615240
APCDD1	18	10454635	10489949
PTPN2	18	12785478	12929643
LDLRAD4	18	13217498	13652755
ROCK1	18	20944612	21111813
SNRPD1	18	21612314	21633524
GATA6	18	22169589	22202528
RBBP8	18	22798261	23026488
NPC1	18	23506184	23586506
LAMA3	18	23689453	23956222
SS18	18	26016253	26091217
DSG2	18	31497624	31551351
KLHL14	18	32672673	32773023
DTNA	18	34493291	34891844
MAPRE2	18	34976928	35143470
PIK3C3	18	41955234	42087830
EPG5	18	45800581	45967329
ATP5F1A	18	46080248	46104334
SMAD2	18	47808957	47931146
SMAD7	18	48919853	48950965
LIPG	18	49560699	49599185
ACAA2	18	49782164	49813953
MYO5B	18	49822789	50195164
ELAC1	18	50967991	50988121
SMAD4	18	51028528	51085045
TCF4	18	55222185	55664787
FECH	18	57544377	57586732
NEDD4L	18	58044226	58401540
MALT1	18	58671465	58754477
GRP	18	59220158	59230774
TNFRSF11A	18	62325287	62391288
ZCCHC2	18	62523025	62587709
BCL2	18	63123346	63320128
CDH7	18	65750252	65890337
ZCCHC3	20	297570	300321
NRSN2	20	346782	359660
TRIB3	20	362835	397559
RBCK1	20	407498	432139
CSNK2A1	20	472498	543835
FAM110A	20	833715	857463
SIRPA	20	1894167	1940592
STK35	20	2101827	2177038
SNRPB	20	2461634	2470853
CENPB	20	3783851	3786740
MAVS	20	3846799	3876123
PANK2	20	3888839	3929887
SMOX	20	4120980	4187747
PRNP	20	4686350	4701590
SLC23A2	20	4852356	5010293
PCNA	20	5114953	5126626
PLCB1	20	8077251	8968360
SNAP25	20	10172395	10308258
JAG1	20	10637684	10673999
ESF1	20	13714322	13784919
FLRT3	20	14322985	14337614
SEC23B	20	18507520	18561415
CST4	20	23685640	23689038
CST2	20	23823769	23826729
APMAP	20	24962925	24992751
PYGB	20	25248085	25298012
BCL2L1	20	31664452	31723989
TM9SF4	20	32109714	32167258
PLAGL2	20	32192504	32207743
ASXL1	20	32358330	32439319
NOL4L	20	32443059	32585333
CDK5RAP1	20	33358839	33401561
AHCY	20	34280268	34311802
ITCH	20	34363235	34511773
MAP1LC3A	20	34546854	34560345
GSS	20	34928432	34956027
UQCC1	20	35302566	35412031
RBM12	20	35648925	35664956
NORAD	20	36042280	36051018
AAR2	20	36236131	36270918
SAMHD1	20	36890229	36951893
SRC	20	37344685	37406050
VSTM2L	20	37903111	37945350
TTI1	20	37983007	38033461
MAFB	20	40685848	40689236
TOP1	20	41028822	41124487
PLCG1	20	41136960	41196801
CCN5	20	44714844	44728509
KCNK15	20	44745865	44752313
PABPC1L	20	44910060	44959035
TOMM34	20	44942130	44960397
STK4	20	44966494	45084214
SDC4	20	45325288	45348424
CTSA	20	45890144	45898949
CD40	20	46118271	46129863
NCOA3	20	47501887	47656877
CSE1L	20	49046246	49096960
STAU1	20	49113339	49188367
DDX27	20	49219347	49244077
PTPN1	20	50510321	50585241
ADNP	20	50888916	50931437
DPM1	20	50934867	50959140
BMP7	20	57168753	57266641
RBM38	20	57391396	57409333
VAPB	20	58389229	58451101
OGFR	20	62804835	62814000
TCFL5	20	62841005	62861822
YTHDF1	20	63195429	63216139
EEF1A2	20	63477488	63499239
PTK6	20	63528001	63537376
GMEB2	20	63587602	63627101
SLC2A4RG	20	63739776	63744050
CDC34	19	531760	542092
PTBP1	19	797075	812327
ABCA7	19	1039997	1065572
POLR2E	19	1086574	1095380
STK11	19	1177558	1228431
DAZAP1	19	1407569	1435687
REEP6	19	1491166	1497927
TCF3	19	1609291	1652615
KLF16	19	1852399	1863579
SCAMP4	19	1905214	1926013
AP3D1	19	2100988	2164468
DOT1L	19	2163933	2232578
GNA11	19	3094362	3123999
NCLN	19	3185563	3209575
FZR1	19	3506311	3538334
CHAF1A	19	4402640	4445018
PLIN5	19	4522531	4535224
LRG1	19	4536402	4540036
SAFB	19	5623035	5668478
LONP1	19	5691834	5720572
FUT3	19	5842888	5851471
RANBP3	19	5916139	5978142
KHSRP	19	6413102	6424811
INSR	19	7112255	7294414
PNPLA6	19	7534004	7561764
ELAVL1	19	7958573	8005659
ANGPTL4	19	8363289	8374370
HNRNPM	19	8444767	8489114
PIN1	19	9835257	9849689
OLFM2	19	9853718	9936515
SHFL	19	10086122	10093252
DNMT1	19	10133342	10231286
RAVER1	19	10316212	10333529
TYK2	19	10350528	10380608
CDC37	19	10391090	10420121
KEAP1	19	10486125	10503558
ILF3	19	10654304	10692400
DNM2	19	10718055	10833488
CARM1	19	10871553	10923075
TIMM29	19	10928811	10933535
SMARCA4	19	10960932	11079426
LDLR	19	11089418	11133820
KANK2	19	11164270	11197791
EPOR	19	11377207	11384342
ECSIT	19	11505929	11529172
MAN2B1	19	12643831	12666742
CC2D1A	19	13906201	13930879
RFX1	19	13961530	14007039
PRKACA	19	14091688	14118084
ADGRL1	19	14147743	14206187
GIPC1	19	14477760	14496149
NOTCH3	19	15159038	15200995
BRD4	19	15235519	15332545
AKAP8	19	15353385	15379815
RAB8A	19	16111889	16134234
AP1M1	19	16197854	16245906
SLC35E1	19	16549831	16572415
MAP1S	19	17719242	17734513
CCDC124	19	17933015	17943991
PIK3R2	19	18153163	18170540
GDF15	19	18374731	18389176
KXD1	19	18557762	18569387
KLHL26	19	18637025	18671721
UPF1	19	18831959	18868230
SUGP2	19	18990888	19034023
YJEFN3	19	19528861	19537581
PEPD	19	33386950	33521823
GRAMD1A	19	34994784	35026471
DMKN	19	35497220	35513658
PSENEN	19	35745600	35747519
YIF1B	19	38303558	38317273
KCNK6	19	38319845	38332076
ACTN4	19	38647649	38731589
SIRT2	19	38878555	38899862
PAK4	19	39125770	39182816
DYRK1B	19	39825350	39834201
FBL	19	39834458	39846379
FCGBP	19	39863323	39934626
AKT2	19	40230317	40285536
AXL	19	41219223	41261766
HNRNPUL1	19	41262496	41307787
GSK3A	19	42226225	42242625
MEGF8	19	42325609	42378769
PHLDB3	19	43474341	43504935
XRCC1	19	43543311	43580473
IRGQ	19	43584367	43596134
CADM4	19	43622368	43639850
PLAUR	19	43646095	43670547
KCNN4	19	43766533	43780976
PVR	19	44643798	44666162
BCL3	19	44747705	44760044
BCAM	19	44809071	44821421
NECTIN2	19	44846175	44889223
TOMM40	19	44890569	44903689
PPP1R37	19	45091396	45148077
ERCC2	19	45349837	45370918
ERCC1	19	45407334	45478828
VASP	19	45506579	45526989
DMWD	19	45782947	45792845
IRF2BP1	19	45883608	45886141
CALM3	19	46601074	46610782
STRN4	19	46719511	46746994
SLC1A5	19	46774883	46788594
ARHGAP35	19	46860997	47005077
CCDC9	19	47255980	47273701
MEIS3	19	47403124	47419527
CARD8	19	48180770	48255946
GRWD1	19	48445841	48457022
CYTH2	19	48469208	48482314
BAX	19	48954815	48961798
GYS1	19	48968130	48993310
RUVBL2	19	48993562	49015970
TRPM4	19	49157741	49211836
PIH1D1	19	49446298	49453497
PRRG2	19	49580646	49591004
RRAS	19	49635292	49640143
IRF3	19	49659569	49665875
PRMT1	19	49675786	49689029
AP2A1	19	49767001	49807114
PTOV1	19	49850735	49860744
NUP62	19	49906825	49929764
KCNC3	19	50311937	50333515
NR1H2	19	50329653	50383388
KLK4	19	50906351	50911395
PPP2R1A	19	52170936	52229518
NDUFA3	19	54102728	54109257
PRPF31	19	54115410	54131719
LENG8	19	54449190	54462016
NLRP2	19	54953130	55001142
HSPBP1	19	55262223	55280381
ISOC2	19	55452985	55462343
U2AF2	19	55654146	55674716
TRIM28	19	58544064	58550722
MZF1	19	58561931	58573575
USP9Y	Y	12537650	12860839
DDX3Y	Y	12904108	12920478
KDM5D	Y	19703865	19744939
EIF1AY	Y	20575776	20593154
IL17RA	22	17084954	17115693
BCL2L13	22	17628855	17730855
BID	22	17734138	17774770
SLC25A1	22	19175581	19178739
SEPTIN5	22	19714503	19724224
COMT	22	19941371	19969975
TANGO2	22	20017014	20067164
TRMT2A	22	20111875	20117392
PI4KA	22	20707691	20859417
CRKL	22	20917407	20953747
UBE2L3	22	21549447	21624034
SDF2L1	22	21642302	21644299
MAPK1	22	21759657	21867680
TOP3B	22	21957025	21982813
BCR	22	23179704	23318037
SMARCB1	22	23786931	23838009
DERL3	22	23834503	23839128
SPECC1L	22	24270817	24417739
SNRPD3	22	24555958	24582052
GGT1	22	24556007	24628987
MIAT	22	26646411	26676478
PITPNB	22	27851669	27920134
CHEK2	22	28687743	28742422
XBP1	22	28794555	28800597
EWSR1	22	29268009	29300525
GAS2L1	22	29306618	29312787
AP1B1	22	29327680	29388583
NEFH	22	29480218	29491390
NIPSNAP1	22	29554808	29581327
NF2	22	29603553	29698598
ASCC2	22	29788609	29838304
SF3A1	22	30331988	30356919
DRG1	22	31399604	31528740
EIF4ENIF1	22	31436977	31496108
PRR14L	22	31676256	31750140
SLC5A1	22	32043261	32113029
RTCB	22	32387582	32412248
MCM5	22	35400134	35425431
APOL6	22	35648446	35668404
APOL3	22	36139792	36166177
APOL2	22	36226209	36239954
APOL1	22	36253071	36267530
MYH9	22	36281280	36388010
C1QTNF6	22	37180166	37199385
PLA2G6	22	38111495	38214778
MAFF	22	38200767	38216511
CSNK1E	22	38290691	38318084
GTPBP1	22	38705742	38738299
APOBEC3C	22	39014257	39020352
APOBEC3F	22	39040604	39055972
APOBEC3G	22	39077067	39087743
CBX7	22	39120167	39152680
TAB1	22	39399778	39437060
ATF4	22	39519695	39522686
MRTFA	22	40410281	40636719
SLC25A17	22	40769630	40819399
XPNPEP3	22	40857077	40932815
RBX1	22	40951347	40973309
EP300	22	41092510	41180077
RANGAP1	22	41244779	41286187
XRCC6	22	41621163	41664048
SREBF2	22	41833105	41907306
TCF20	22	42160013	42343616
BIK	22	43110750	43129712
PPARA	22	46150521	46243755
CELSR1	22	46360834	46537620
PANX2	22	50170731	50180295
HDAC10	22	50245183	50251405
PLXNB2	22	50274979	50307646
MAPK8IP2	22	50600793	50613981
NRIP1	21	14961235	15065936
CXADR	21	17513043	17593579
APP	21	25880535	26171128
ADAMTS1	21	26835755	26845409
ADAMTS5	21	26917922	26967088
CCT8	21	29055805	29073797
SOD1	21	31659666	31668931
SCAF4	21	31671000	31732118
URB1	21	32311018	32393012
IFNAR2	21	33205282	33265675
IL10RB	21	33266367	33311420
IFNAR1	21	33324387	33359864
IFNGR2	21	33403413	33479348
GART	21	33503931	33543491
CRYZL1	21	33589341	33643926
SLC5A3	21	34073578	34106260
SETD4	21	36034541	36079389
CBR1	21	36069941	36073166
SIM2	21	36699115	36749917
DYRK1A	21	37365573	37526358
KCNJ15	21	38155549	38307357
ERG	21	38380027	38661780
BACE2	21	41167801	41282530
MX1	21	41420020	41470071
TMPRSS2	21	41464300	41531116
RIPK4	21	41739369	41767089
ZBTB21	21	41986831	42010387
ABCG1	21	42199689	42304389
U2AF1	21	43092956	43107570
RRP1B	21	43659560	43696079
COL18A1	21	45405165	45513720
MCM3AP	21	46235133	46286297
DIP2A	21	46458891	46572743
